image: load1.pgm
resolution: 0.150000
origin: [-34.878085, -29.746696, 0.000000]
negate: 0
occupied_thresh: 0.65
free_thresh: 0.196

